186273
191303
190049
187254
4439
189286
160199
25278
333670
800
186961
4545466
537208
8333
447240
537595
253657
109871
537056
31284
5640878
3779
469717
185530
186039
4545389
185480
37288001
26536
929
23269740
83488
37459030
448389
31739
529415
94511
129906
4460
160258
32403
31000
337394
37316480
7698421
186587
537203
187098
96874
135843
188713
26354
32141
63020
185998
445827
447105
185941
160247
33561910
333414
382624
185653
26715449
32744
258137
186619
14685650
540261
187210
1441
5641028
96887
186337
95680
28575698
1068598
186968
260924
447554
198562
23278660
37592228
525019
380777
6970659
186321
463850
23269737
23223420
162932
186502
4777
187878
459653
37541244
186637
22126606
4574
37316612
186530
37512282
1737
21427729
30467789
129727
37341806
524055
4536517
411876
7698423
540248
31607851
186472
189707
447134
751551
449298
186678
380833
189896
189956
186986
125149
188282
218858
524549
186907
445445
537660
187216
185065
12393396
31207
37600364
65593
129758
142175
447278
96719
189797
4192267
537666
4567
189585
10319453
186358
2511096
2510817
383223
96158
4029
1318
21762805
21762806
186322
189262
129452
189296
187245
188089
364986
186878
186877
189260
8092941
177188
186197
186329
188626
446236
213486
188218
34700
2775
1477637
186427
186123
23269641
186173
36085251
159382
4792
129839
383556
133497
186585
186733
96109
3510260
93900
185400
61186
129413
25451
254081
186484
35281052
1410
96125
186864
448107
446442
3510293
37526008
186680
132577
532358
185573
445831
5967843
186450
96740
187220
186323
25568439
448290
186560
62947
16475841
70428
1468
32031212
95093
188057
187110
186753
4243068
186954
447226
100580
16837815
530762
186002
187170
32710
447166
294
186977
186932
27440827
32819168
37530812
436921
530757
525790
530758
21427714
188599
187102
3510186
540184
333499
186863
185741
187977
7698433
36481676
159707
16827159
13981024
188848
129757
177822
189349
37566703
130120
362772
37561784
186941
186390
181184
5967970
448093
186179
186662
132406
186063
448379
380232
9967153
186177
185205
187680
95131
260932
334044
186191
2060
49353
125413
159934
6403
186591
333781
4359
1435
212976
96100
24071
4165
186391
29992
941
33677
159702
128943
1399
186463
186965
186982
37380652
25282
219730
130177
185972
23269646
185908
186567
186912
187941
185961
62955
186437
188760
95599
186417
189118
2987
186710
129862
186694
452982
333815
130140
186134
185975
130063
537625
37297045
1314
205983
31647
460160
31288
32536
186353
98903
30289
268
260862
186543
186734
23688922
1331
93948
186668
600687
7346228
186936
187232
31837
5270371
186418
129502
380970
335705
1471
95635
1988
1276
15434627
186147
835
24468970
8062
186552
26491
784373
448342
7698436
186536
38
185579
37540621
97664
217194
189959
189156
4493
258164
189238
260833
186396
6333
430027
189290
188340
185948
1428
186945
4801
1582
186119
189061
84619
4545453
186400
188865
10626721
4545461
159276
186514
221450
1367
160121
189124
129798
185571
96247
186795
96092
163152
185658
186675
1846739
163108
74092
186412
129660
60270
455900
95696
187215
185923
187035
3510288
186705
8204
185272
185544
186924
22158925
186394
22158926
19988728
184937
187032
186801
185275
187160
37297544
19988729
190168
186395
25922183
158453
37536550
25144
467567
456276
747
132259
3156875
129433
129467
129946
133127
129696
37546379
30866039
23288607
3139
330582
96514
37599471
37546378
23278684
62962
1335
450031
129261
1365
134126
1872881
129603
128524
128873
62427
95172
827
37514199
62511
131999
129476
74062
129454
1923
32159
133952
129677
37544805
5641043
129706
133391
129202
23278683
163199
37545486
129605
132128
129203
334576
129400
178032
2170272
131982
4091
54191
128736
129463
131943
132249
129152
25489
215532
3181370
169484
96608
223943
133993
3181368
158622
129172
131955
129512
37555255
161284
6588
219486
80331
129424
96227
129769
97078
186995
14726357
4655
30972
518833
100190
2823228
129749
96196
538861
798
340342
32636
540251
37317417
896234
537347
127729
129184
1472
2511125
1830
23269660
24147
24065312
71024
131848
23730765
96801
109355
37571579
8403613
34392107
129778
133702
6599943
436159
24817389
9939024
530921
130029
25930741
16144551
37315995
37445256
181118
786811
155925
70533
3935
336287
32353
129936
37257779
205776
129859
3178
128560
23671
225238
30949
96915
31074
33719
23707373
4764
1057
4766
74008
32777506
28912983
52500
21773178
37544963
37520089
219433
73913
1548632
129704
362741
8417290
37568659
37584914
37575719
37631801
129621
74095
37289275
151470
198736
132742
198040
37343968
37582257
131895
133779
324712
74146
129730
128790
37396571
25335
64202
37316934
129968
34443308
26579
37343971
37343970
129855
128843
366753
63164
133972
129705
128817
24837947
5361
127715
6581
129846
129818
130006
129206
537837
130184
36457
130873
30955
37583841
435327
37540844
4491
37604044
448372
129638
539680
129175
129604
49420
132721
10967415
32581
338180
186735
129072
96635
27850
455805
253463
129926
11781676
4545327
765721
96804
1479337
260904
23288018
524309
322964
95384
130032
99148
155896
27815064
129515
31653
31640130
96361
44824
1956
134056
23697916
130248
133889
130011
4815
129941
37540122
129225
133957
129456
20716664
12066349
177983
24469059
52296
37563155
169764
73906
28648
805
130701
129153
129054
159208
129725
128381
129624
219920
4233
608189
95694
129890
23301876
133769
177988
198051
21782194
37533245
30482209
4536538
129836
37316942
4105
1992
1167415
24235
25355
37529822
333616
134036
129436
129921
84604
70917
132671
25087
129440
29184
1717
62872
73603
128853
129523
37343966
28176047
24837941
37257793
164069
4637
545244
5321
24817373
37325012
129002
2832
129970
31954
35311
128882
129850
1359363
96060
129885
109354
540600
23637699
37590697
435908
37261283
42710
131615
187074
24081699
7802
37260591
97592
37317007
133528
37518779
689021
31714
23987
128955
13591496
62895
129689
129990
24817171
129104
129446
36488
132079
37568801
132539
129672
435988
67575
752045
16120895
129583
37391070
5349
1477610
129734
129010
130057
129513
367822
132862
37257790
129150
37342616
187116
16476267
186159
129910
128446
128795
31878
540217
2510388
132827
31855
129971
109096
96537
1517
134015
2511082
129553
129775
9302763
20716662
133712
129823
441131
29239
19625217
37537580
12016844
134034
37601293
127929
129499
26027
24015
129842
129208
933
130142
133797
129396
31825
130117
73004
1358
333594
25242
22168912
3156869
130107
37532950
995
1835
26393
8417828
37445073
37343967
129686
96540
456477
30017
8417256
4154
128599
129016
129069
131914
130154
7387389
30746
84549
152755
129021
155352
430097
34874535
457047
5666474
3568416
98838
129600
23288050
133987
24506
99064
128451
131849
2206688
366496
129585
8415421
21054913
133673
531967
155476
459307
133364
96586
540189
6306138
435957
134026
24817135
405455
32777439
435939
37599457
129272
15524638
458549
37562065
129975
7714347
437210
37612510
37584216
24817071
37337103
36681
95496
129418
132025
95369
129174
1234
8039
335653
129087
26786
132126
1139
31522
133978
10264962
37366611
198220
52794
129402
37539583
6648042
37260234
37568079 