186273
191303
190049
187254
4439
189286
160199
25278
333670
800
186961
4545466
537208
8333
447240
537595
253657
109871
537056
31284
5640878
3779
469717
185530
186039
4545389
185480
37288001
26536
929
23269740
83488
37459030
448389
31739
529415
94511
129906
4460
160258
32403
31000
337394
37316480
7698421
186587
537203
187098
96874
135843
188713
26354
32141
63020
185998
445827
447105
185941
160247
33561910
333414
382624
185653
26715449
32744
258137
186619
14685650
540261
187210
1441
5641028
96887
186337
95680
28575698
1068598
186968
260924
447554
198562
23278660
37592228
525019
380777
6970659
186321
463850
23269737
23223420
162932
186502
4777
187878
459653
37541244
186637
22126606
4574
37316612
186530
37512282
1737
21427729
30467789
129727
37341806
524055
4536517
411876
7698423
540248
31607851
186472
189707
447134
751551
449298
186678
380833
189896
189956
186986
125149
188282
218858
524549
186907
445445
537660
187216
185065
12393396
31207
37600364
65593
129758
142175
447278
96719
189797
4192267
537666
4567
189585
10319453
186358
2511096
2510817
383223
96158
4029
1318
21762805
21762806
186322
189262
129452
189296
187245
188089
364986
186878
186877
189260
8092941
177188
186197
186329
188626
446236
213486
188218
34700
2775
1477637
186427
186123
23269641
186173
36085251
159382
4792
129839
383556
133497
186585
186733
96109
3510260
93900
185400
61186
129413
25451
254081
186484
35281052
1410
96125
186864
448107
446442
3510293
37526008
186680
132577
532358
185573
445831
5967843
186450
96740
187220
186323
25568439
448290
186560
62947
16475841
70428
1468
32031212
95093
188057
187110
186753
4243068
186954
447226
100580
16837815
530762
186002
187170
32710
447166
294
186977
186932
27440827
32819168
37530812
436921
530757
525790
530758
21427714
188599
187102
3510186
540184
333499
186863
185741
187977
7698433
36481676
159707
16827159
13981024
188848
129757
177822
189349
37566703
130120
362772
37561784
186941
186390
181184
5967970
448093
186179
186662
132406
186063
448379
380232
9967153
186177
185205
187680
95131
260932
334044
186191
2060
49353
125413
159934
6403
186591
333781
4359
1435
212976
96100
24071
4165
186391
29992
941
33677
159702
128943
1399
186463
186965
186982
37380652
25282
219730
130177
185972
23269646
185908
186567
186912
187941
185961
62955
186437
188760
95599
186417
189118
2987
186710
129862
186694
452982
333815
130140
186134
185975
130063
537625
37297045
1314
205983
31647
460160
31288
32536
186353
98903
30289
268
260862
186543
186734
23688922
1331
93948
186668
600687
7346228
186936
187232
31837
5270371
186418
129502
380970
335705
1471
95635
1988
1276
15434627
186147
835
24468970
8062
186552
26491
784373
448342
7698436
186536
38
185579
37540621
97664
217194
189959
189156
4493
258164
189238
260833
186396
6333
430027
189290
188340
185948
1428
186945
4801
1582
186119
189061
84619
4545453
186400
188865
10626721
4545461
159276
186514
221450
1367
160121
189124
129798
185571
96247
186795
96092
163152
185658
186675
1846739
163108
74092
186412
129660
60270
455900
95696
187215
185923
187035
3510288
186705
8204
185272
185544
186924
22158925
186394
22158926
19988728
184937
187032
186801
185275
187160
37297544
19988729
190168
186395
25922183
158453
37536550
25144
467567
456276
747
132259
3156875
129433
129467
129946
133127
129696
37546379
30866039
23288607
3139
330582
96514
37599471
37546378
23278684
62962
1335
450031
129261
1365
134126
1872881
129603
128524
128873
62427
95172
827
37514199
62511
131999
129476
74062
129454
1923
32159
133952
129677
37544805
5641043
129706
133391
129202
23278683
163199
37545486
129605
132128
129203
334576
129400
178032
2170272
131982
4091
54191
128736
129463
131943
132249
129152
25489
215532
3181370
169484
96608
223943
133993
3181368
158622
129172
131955
129512
37555255
161284
6588
219486
80331
129424
96227
129769
97078
186995
14726357
4655
30972
518833
100190
2823228
129749
96196
538861
798
340342
32636
540251
37317417
896234
537347
127729
129184
1472
2511125
1830
23269660
24147
24065312
71024
131848
23730765
96801
109355
37571579
8403613
34392107
129778
133702
6599943
436159
24817389
9939024
530921
130029
25930741
16144551
37315995
37445256
181118
786811
155925
70533
3935
336287
32353
129936
37257779
205776
129859
3178
128560
23671
225238
30949
96915
31074
33719
23707373
4764
1057
4766
74008
32777506
28912983
52500
21773178
37544963
37520089
219433
73913
1548632
129704
362741
8417290
37568659
37584914
37575719
37631801
129621
74095
37289275
151470
198736
132742
198040
37343968
37582257
131895
133779
324712
74146
129730
128790
37396571
25335
64202
37316934
129968
34443308
26579
37343971
37343970
129855
128843
366753
63164
133972
129705
128817
24837947
5361
127715
6581
129846
129818
130006
129206
537837
130184
36457
130873
30955
37583841
435327
37540844
4491
37604044
448372
129638
539680
129175
129604
49420
132721
10967415
32581
338180
186735
129072
96635
27850
455805
253463
129926
11781676
4545327
765721
96804
1479337
260904
23288018
524309
322964
95384
130032
99148
155896
27815064
129515
31653
31640130
96361
44824
1956
134056
23697916
130248
133889
130011
4815
129941
37540122
129225
133957
129456
20716664
12066349
177983
24469059
52296
37563155
169764
73906
28648
805
130701
129153
129054
159208
129725
128381
129624
219920
4233
608189
95694
129890
23301876
133769
177988
198051
21782194
37533245
30482209
4536538
129836
37316942
4105
1992
1167415
24235
25355
37529822
333616
134036
129436
129921
84604
70917
132671
25087
129440
29184
1717
62872
73603
128853
129523
37343966
28176047
24837941
37257793
164069
4637
545244
5321
24817373
37325012
129002
2832
129970
31954
35311
128882
129850
1359363
96060
129885
109354
540600
23637699
37590697
435908
37261283
42710
131615
187074
24081699
7802
37260591
97592
37317007
133528
37518779
689021
31714
23987
128955
13591496
62895
129689
129990
24817171
129104
129446
36488
132079
37568801
132539
129672
435988
67575
752045
16120895
129583
37391070
5349
1477610
129734
129010
130057
129513
367822
132862
37257790
129150
37342616
187116
16476267
186159
129910
128446
128795
31878
540217
2510388
132827
31855
129971
109096
96537
1517
134015
2511082
129553
129775
9302763
20716662
133712
129823
441131
29239
19625217
37537580
12016844
134034
37601293
127929
129499
26027
24015
129842
129208
933
130142
133797
129396
31825
130117
73004
1358
333594
25242
22168912
3156869
130107
37532950
995
1835
26393
8417828
37445073
37343967
129686
96540
456477
30017
8417256
4154
128599
129016
129069
131914
130154
7387389
30746
84549
152755
129021
155352
430097
34874535
457047
5666474
3568416
98838
129600
23288050
133987
24506
99064
128451
131849
2206688
366496
129585
8415421
21054913
133673
531967
155476
459307
133364
96586
540189
6306138
435957
134026
24817135
405455
32777439
435939
37599457
129272
15524638
458549
37562065
129975
7714347
437210
37612510
37584216
24817071
37337103
36681
95496
129418
132025
95369
129174
1234
8039
335653
129087
26786
132126
1139
31522
133978
10264962
37366611
198220
52794
129402
37539583
6648042
37260234
37568079
37598387
37382883
37570226
127629
237695
37583472
129983
2816035
128993
131907
131963
132528
129796
132239
24818798
1525399
37545668
129494
37589724
130127
37600568
130199
4128
132303
12433108
129878
198739
333689
19979845
131814
4720
4187912
132367
28581
104100
25187185
733
1449
1261
80304
1183
1416
581199
1922
1452
186815
80655
5273
96426
1592
1316
581197
95393
516291
518749
30178
96642
32738
129794
1014
989
3884
380886
26294
540290
916
1744
95998
4313
1711
997
333731
6610
540579
221615
540476
333797
14338024
37342694
4545529
219633
1241
96870
31002
96741
7026573
129820
896225
1251
1917
1453
1920
1078
84627
1743
31857
323
4545513
32640
96099
850
197
1461
4125
159917
100556
23269836
241036
1494396
11658171
37260590
21412957
6013424
159142
105
1869
160956
162536
186299
982
911
1371
336133
4842
186910
96353
971
1116
28912747
154421
34594
3354
21394947
4536537
6351
1411
25400
2454
5241
3160
581067
1409
6853
5403
2285
2225
1708
7340703
1366
3140
160072
1004
125482
4343
31342
1415
96799
1826
681
764
7958
1692
881
220040
129245
1572
1249
2144
159372
1706
5141
1881
1651
9611543
537271
37260638
1639
537514
4598726
3043
22878573
1791
832
1454
95807
2884
160206
433
955
5252
164061
455376
205411
129602
1878
538034
580
28912805
37316858
26031
37317015
4536527
24469185
4536524
1494236
4391
20673398
1829
2158417
992
2206665
159700
37316549
1343
7124
1094
6524
225000
172611
186660
25126
96090
11705406
12145
1450
33716
95368
1177
957
96575
25354
84540
810
96689
97626
165
84462
186606
3268
99137
1128
95792
1601
581220
1330
129511
1193
73147
32438
1953
537117
537121
24288
32612
2875858
12542
1494245
23697427
802
61806
448448
9438
172960
3259
97811
1901
1362
310288
186370
26823
1494446
538907
1891
1887
16827155
539961
10959356
17544737
1899
4344
537759
262551
5270497
37567314
5329
26603
80889
1397
7855
1414
32372
2985
1494666
129966
1310
1352
819
32508
1061
2712
3071
257663
1494447
173737
33645
1065
1016
914
459145
2815
22536394
2763
5270468
1387
332047
34053
159483
95348
186426
160110
62423
498161
159699
37400484
96102
496775
160217
37404802
7566
29303604
7522
4241
52868
11705403
97692
160834
13590962
21781428
12514
11311795
32574
1350
612
1573
96838
31129
62337
62342
6838
174
10601
540613
4679
5319
432912
1182
1488
1396
55485
3282
61654
581238
1462
185723
692
4598710
336
4536500
25284
1202
5371
24799984
7643
2332
927
498
3188072
25399
1038
1108
96950
96792
1008
37298063
5640926
18218609
22169319
7655
339083
1095
5917
1834
9808
186766
172752
83927
513
6634
6087
4203
11541
37392849
5681
1525103
4613
4371
537493
128798
333989
6590
7176
4536583
173047
784
96714
25930790
10831
32786894
1028
332147
1842
8191
26506
12647
6306131
98874
581206
11720838
519
10310312
3463
820
523939
1243
205944
130145
7926
1131
4659
1393
337432
24799911
11347016
155138
581043
219534
1505
1155
979
978883
172357
150759
537558
2951
3596
53
1440
16845996
155958
27066567
37536874
9826
37289022
432881
455794
3158
449187
35364
3344
186595
2818
29478
1716
262274
25063
1175
793
5149
21762788
9939203
28912710
37336214
21412958
9939186
84528
186922
4552689
262324
239578
581000
2683
9308200
6504
2461
24655
216612
1854914
31504
1149
1444078
2423
61780
14069
627
37261500
35280539
21437534
41077
186805
29419594
37259180
187969
3130
7993
15665
6970
151418
84594
456067
31609
5007
84426
537108
2510251
36633
339093
96928
191286
4341
529689
9274
523963
183491
3877087
27440826
28552845
129394
1460
8449373
37296497
52573
13171199
433169
129822
96290
1413
37342619
95269
31661
62623
1074
5345
97087
202002
37342614
37593233
1377
240244
102002
186456
37317375
37580038
9308193
1042
1300
30446925
1849
96798
97438
96659
625
95150
62904
97668
62649
94931
219211
4927
96610
432782
96612
62400
37530985
37530982
433811
37459075
37582118
37561948
37530984
1380
21782219
37530983
293951
95617
34719
37316428
24469115
218989
37317367
96250
3871
96959
220052
4415
218595
433500
96661
3215
191285
21072805
434243
37317369
94761
96122
21065095
24817375
95334
37423201
29313293
188444
434242
24238
99173
527351
96715
62597
96083
98739
529664
97454
529627
96307
97723
96201
97439
10995439
290036
96589
23269664
99117
35699874
96826
12393310
25954409
4833
527765
286609
95481
237316
33079
21803059
335521
1376
98697
6301
3665
155180
96972
3169811
96222
151243
37583164
37332072
98320
3526251
37296692
23242223
96044
155460
96030
539993
21412344
21412345
31148930
96289
193149
84217
95916
22536031
26336812
12394069
84535
749934
25609
23738801
26155
36873430
16496676
61139
530190
318784
4627
11322446
219737
251477
5336861
455382
13981031
23697866
37560186
30920
3862381
473149
198116
529856
2206980
967
26687
96017
4545404
10310744
6033
26033
96924
433458
26635
11298787
3857303
12036865
2158083
37532973
22897169
569
37371200
169
96656
37337189
96256
97752
97414
98122
102049
97970
77613
96747
78462
146522
30446936
98421
94707
433423
97843
530320
101858
37561914
96144
525082
94935
37261096
95293
98887
100362
96287
198086
96966
529837
64524
1386
96542
17187709
433778
37351292
98131
95698
23698162
22145386
95888
10634
32387131
37579929
530188
96962
96748
1806
63551
37296505
37579976
186029
129771
187260
96573
184941
96208
32100
95746
62860
95593
129419
24429
31138
1030
37337035
96611
129095
186320
184798
186187
37317391
186025
37337048
37262099
4545430
96511
186455
97669
32387
37337152
37528548
37566137
37593236
37593237
96631
129902
20673391
28543553
10279739
35281182
8932826
151415
62181
96660
96285
96842
74116
37423141
97292
32695
23697990
37337041
96632
29720338
25922235
339112
4728
37328126
23269650
37316600
2975
61081
157098
432896
96516
95896
96348
99520
95565
99076
100379
94436
96723
98457
37529619
98788
15395119
97328
433723
96394
96461
101971
37581992
96854
181215
219847
540319
193196
1166
95168
608285
63179
16827175
32819182
537332
2158213
17187774
202568
99068
29809271
95754
1421
785058
158933
22536030
37600357
37526248
5666457
132778
95411
5071
96495
21803033
937
62689
96551
98919
97375
96663
433194
524849
182781
13553593
96155
36482306
37539430
434099
96154
2538633
37612045
24817371
99157
62378
26955
96679
37531000
62026
25960
527532
52294
289398
529896
29495
30446984
30446920
22136685
96766
25826
194768
37580230
29336632
64020
362026
198786
30291
432880
608329
21054226
37261923
52873
37337021
310217
4969702
95346
3526262
8043787
96676
160223
96956
62539
26715311
63142
98729
100519
95396
96733
96755
95661
98335
7691269
99118
23697440
9006
98009
37342613
95407
99036
62546
99039
37579899
54303
5341
32550
234692
4545394
100385
187557
98711
159987
456593
170199
3510051
21412837
10990739
29323
95475
3861304
430403
31550
37530901
37547795
2206983
32404512
52671
37579360
32538
65152
37532178
37530900
37585962
96765
5640928
21065096
3876586
183542
766260
97912
37407284
37555833
96790
530365
98893
84301
52833
96695
16496682
527618
96572
37489044
162164
533182
95979
540571
6983860
95108
160244
155706
96664
98502
95182
99052
94649
62538
433156
98350
96564
98306
10279765
98219
162141
163505
1478449
163109
432899
4592175
893767
37622173
4969682
37593240
537584
98741
4479
361467
65616
109348
98971
3876562
96344
362339
96082
100563
7026744
362272
95823
37316425
3187862
432840
37303791
151609
12066684
529483
101962
37745
433380
197704
430355
37536423
23269627
30554
33886
21762216
35270
31098
21065074
34530
20691926
23269567
23277919
31486
418101
13186239
96691
21036703
26370
31668
3862043
6983809
96536
418203
6230
1373
198166
82032
26867
34084
3862059
4536535
32397
31761
30372
198062
61517
34432365
32347
32185
32158
37255840
1388
32395
33747
30922
37266015
537758
37558983
37316840
9939176
31775
3862352
15040126
39684
37336999
32622
37336993
25499
31769
37316459
80271
32406
32515
4381
33301
3861479
33701
36793
31729
459660
32725
3861741
11704884
31757
31532
32777430
37576590
3861958
3862118
31772
37538006
37558978
537599
84658
6286
13633381
31636
37354789
32580
16475796
79539
155940
84427
24284
35192
458755
15763370
32985
1420
31773
32187
1478864
34025
30959
25795
31744
43502
32428
33187441
3862473
32663
3862554
3862494
3862572
37577470
33727
37541125
46092
41963
31274
2283
6642577
31077
32641
32102
24838191
32566
53625
32586
785998
96884
74060
52585
32511
32587
37316454
37316446
24799857
37262106
25514
31934
37582158
52867
160120
37582157
36119
37596164
31823
31053
31398
27067136
99534
96839
30236
31254
35843
12393284
26935
32769
310131
31317
22146099
186899
37266013
37543199
96964
21427690
432872
37582398
30071846
162871
74121
37582422
30999
37316469
214996
133951
30642
31140
33685
35574
262644
96272
186797
3862426
32362
942
31824
32582
33186829
4783
32659
30979
30286
37582045
28716
5270462
1389
37538492
9605680
37316465
26768
37531504
31551
52353
40819
23638292
4536574
5666458
37296248
54302
95732
2483333
37252523
197807
32137
6306127
31730
32155
32513
537217
37357226
37315658
31115
537914
32101
32535
294000
24817070
37259654
3861716
37259482
21054114
37590611
191367
32193
31073
16119517
3861826
52387
23707367
30784
62502
17158438
32525
31702
30590
23738800
31745
35815
31022
99000
95844
21762182
32258
37266099
53473
1122903
37336803
37572046
310132
98051
2483331
32338
3862693
186983
31931
35341
129609
32672
2178735
320838
3862667
27066718
32393
3862683
4947
27066711
100391
31412
31982
32780
9279559
84396
35150
37538351
37544385
37590619
98868
33989
32467
27066563
4117
33629
107871
219933
3862097
34333
32154
35342
32698
418375
418438
63048
3281
37537954
6495
539967
155848
31864
36609
5921
205382
37593964
32621
32138
4901
35144
83795
42102
151628
31685
32547
34668
31346
31709
31907
32130
35084
39525
25162
115485
35062
26035
522606
37266296
21427813
26860
32568
32314
35859
32784
35117
12426453
96571
540203
25120
31146
36732
37369430
3862725
32373
31533
32425
31468
32853
33770
47439
4536572
3862700
30548
52803
37582217
32792
34831
52792
1232
84342
21782390
32819099
23277918
33784
3861642
5640817
540548
32785663
4337
37582401
32134
85808
30844
32384
31260
23707369
32048
32392
702
96886
32070
433457
1407
43243
37543259
151568
31909
781651
32819180
27592
62871
155470
75066
5013
37558989
74124
455799
37459050
37543258
102012
24852
33187618
33731
37831
27440203
32728
32578
418197
74160
309344
21412317
23269651
23269626
2158512
27440211
418704
1452625
37316940
1548028
14350739
32795609
24065388
539720
16475797
109417
465580
19606965
3861542
47518
37590615
31369
32642
37351236
47712
32583
418281
25187
1452457
32389
32057
38127
33793
27441544
96364
37266223
35159
190679
24280
45593
28912998
24100318
109204
3861598
537592
35145
37262105
37266405
38588
45045
37891
32539
32089
170197
31836
537285
28931733
766659
25102
4601
8403182
37261496
34880
31854
32374
335673
37577431
14004542
1452322
80675
432913
37429246
31344
169790
32585
21762179
37538405
8101006
37588236
31429
11676280
34737
186848
30950
32058
27067050
37289237
31712
2178933
31566
32379
3862360
114021
31723
11353231
31913
35153
31279
27067062
27067064
4536525
32819236
31561
37537922
41231
310486
32361
37266009